Dte.;AEB;2009 Total;2009 Nens;2009 Nenes;2010 Total;2010 Nens;2010 Nenes;2011 Total;2011 Nens;2011 Nenes;2012 Total;2012 Nens;2012 Nenes;2013 Total;2013 Nens;2013 Nenes;2014 Total;2014 Nens;2014 Nenes;2015 Total;2015 Nens;2015 Nenes
1;1;30;11;19;36;19;17;33;16;17;31;13;18;21;13;8;29;16;13;23;12;11  
1;2;77;45;32;65;34;31;61;31;30;49;27;22;67;34;33;54;31;23;56;32;24  
1;3;68;35;33;59;28;31;57;25;32;68;33;35;59;27;32;43;28;15;45;23;22  
1;4;83;46;37;92;48;44;93;47;46;85;52;33;74;40;34;86;32;54;102;53;49  
1;5;67;33;34;73;32;41;76;36;40;80;41;39;71;37;34;70;44;26;65;32;33  
1;6;123;69;54;92;41;51;102;52;50;96;53;43;73;37;36;80;37;43;76;39;37  
1;7;44;23;21;47;25;22;48;28;20;61;26;35;46;19;27;47;20;27;49;24;25  
1;8;21;7;14;7;4;3;7;4;3;12;3;9;12;3;9;17;14;3;15;9;6  
1;9;23;11;12;21;9;12;24;13;11;23;11;12;14;8;6;20;8;12;16;8;8  
1;10;36;15;21;43;18;25;31;17;14;24;17;7;22;12;10;32;13;19;33;17;16  
1;11;26;14;12;29;15;14;17;9;8;19;9;10;25;14;11;21;9;12;26;11;15  
1;12;28;16;12;45;24;21;35;11;24;21;13;8;33;15;18;24;6;18;25;12;13  
1;13;30;13;17;41;22;19;26;11;15;27;14;13;17;9;8;21;7;14;19;11;8  
1;14;17;10;7;17;11;6;18;8;10;19;11;8;14;9;5;11;5;6;13;6;7  
1;15;73;45;28;79;40;39;75;33;42;55;30;25;74;33;41;57;31;26;67;36;31  
1;16;58;38;20;53;24;29;63;35;28;49;22;27;46;27;19;48;24;24;51;27;24  
1;17;53;30;23;50;28;22;56;32;24;38;17;21;39;24;15;51;34;17;51;25;26  
1;18;53;24;29;48;28;20;55;33;22;44;23;21;43;20;23;35;16;19;33;19;14  
1;19;42;20;22;44;25;19;39;14;25;45;17;28;41;22;19;33;20;13;31;19;12  
2;20;118;49;69;136;72;64;115;65;50;136;73;63;124;59;65;139;71;68;115;68;47  
2;21;36;21;15;60;30;30;31;14;17;32;17;15;31;20;11;32;19;13;34;18;16  
2;22;108;62;46;93;48;45;99;53;46;83;46;37;100;46;54;87;45;42;90;55;35  
2;23;34;20;14;39;20;19;49;28;21;32;18;14;34;15;19;45;17;28;42;22;20  
2;24;88;48;40;94;48;46;105;62;43;97;51;46;74;31;43;96;56;40;94;44;50  
2;25;83;48;35;80;42;38;81;44;37;80;46;34;75;35;40;88;39;49;82;42;40  
2;26;95;54;41;84;39;45;89;44;45;102;65;37;85;44;41;99;63;36;94;52;42  
2;27;101;49;52;90;47;43;88;51;37;105;61;44;75;39;36;105;49;56;81;36;45  
2;28;80;45;35;86;42;44;90;47;43;77;41;36;79;45;34;78;41;37;87;41;46  
2;29;55;27;28;58;35;23;62;31;31;69;31;38;64;28;36;59;31;28;68;38;30  
2;30;55;29;26;58;34;24;50;24;26;49;24;25;58;22;36;55;22;33;49;25;24  
2;31;37;20;17;37;20;17;33;15;18;23;12;11;41;26;15;39;22;17;38;17;21  
2;32;72;33;39;55;29;26;40;19;21;48;21;27;44;20;24;39;23;16;59;35;24  
2;33;16;9;7;13;5;8;12;7;5;7;5;2;10;5;5;16;11;5;13;11;2  
2;34;14;6;8;25;9;16;23;13;10;24;13;11;24;10;14;15;8;7;20;9;11  
2;35;30;16;14;21;14;7;31;16;15;19;8;11;33;23;10;27;17;10;32;19;13  
2;36;28;14;14;14;8;6;28;19;9;21;10;11;16;13;3;24;19;5;29;14;15  
2;37;55;31;24;64;37;27;56;23;33;62;35;27;57;26;31;63;33;30;42;26;16  
2;38;43;25;18;42;19;23;36;22;14;39;23;16;39;21;18;45;19;26;33;20;13  
2;39;36;18;18;28;15;13;19;13;6;33;15;18;27;13;14;20;9;11;25;8;17  
2;40;51;30;21;45;20;25;45;25;20;43;18;25;49;25;24;47;26;21;52;32;20  
2;41;53;29;24;41;20;21;49;30;19;50;19;31;49;21;28;49;27;22;48;24;24  
2;42;47;33;14;52;23;29;57;25;32;46;22;24;66;37;29;49;21;28;74;37;37  
2;43;68;32;36;51;24;27;52;34;18;48;28;20;42;27;15;57;22;35;62;37;25  
2;44;70;42;28;74;35;39;83;45;38;88;39;49;60;30;30;78;40;38;72;34;38  
2;45;91;54;37;83;40;43;79;42;37;93;44;49;83;31;52;78;42;36;80;38;42  
2;46;51;23;28;66;40;26;57;32;25;57;31;26;43;19;24;54;24;30;54;22;32  
2;47;53;30;23;55;28;27;51;30;21;74;32;42;44;26;18;66;35;31;68;41;27  
2;48;57;30;27;54;26;28;68;35;33;71;43;28;58;26;32;64;28;36;66;41;25  
2;49;55;23;32;45;26;19;30;18;12;43;16;27;44;25;19;48;25;23;45;25;20  
2;50;54;29;25;57;35;22;45;24;21;63;32;31;46;35;11;59;29;30;62;33;29  
2;51;78;42;36;80;49;31;77;43;34;70;44;26;78;44;34;85;42;43;77;39;38  
2;52;52;30;22;63;30;33;60;27;33;53;31;22;66;28;38;62;35;27;79;39;40  
2;53;31;17;14;36;24;12;41;21;20;48;26;22;30;19;11;38;18;20;48;24;24  
2;54;59;21;38;36;21;15;48;28;20;58;29;29;62;30;32;45;22;23;52;26;26  
2;55;64;45;19;64;29;35;68;39;29;51;32;19;55;34;21;64;29;35;77;38;39  
3;56;131;60;71;122;60;62;132;70;62;112;57;55;117;63;54;131;83;48;120;62;58  
3;57;166;90;76;191;94;97;167;78;89;142;76;66;121;61;60;133;72;61;127;70;57  
3;58;58;26;32;57;36;21;57;37;20;49;22;27;62;41;21;61;34;27;66;30;36  
3;59;32;16;16;43;24;19;44;19;25;36;20;16;45;33;12;33;23;10;42;23;19  
3;60;6;1;5;11;4;7;5;1;4;11;6;5;11;8;3;12;8;4;13;5;8  
3;61;82;31;51;83;41;42;67;34;33;72;32;40;64;33;31;62;35;27;64;32;32  
3;62;74;39;35;79;48;31;86;50;36;59;27;32;75;43;32;66;32;34;81;47;34  
3;63;96;58;38;96;56;40;81;50;31;86;40;46;87;39;48;74;34;40;64;28;36  
3;64;43;26;17;43;20;23;41;24;17;44;20;24;23;9;14;30;15;15;35;15;20  
3;65;84;39;45;80;49;31;71;36;35;61;32;29;82;38;44;73;36;37;63;36;27  
3;66;44;25;19;61;36;25;48;24;24;47;25;22;65;37;28;53;24;29;53;23;30  
3;67;75;35;40;88;41;47;74;37;37;83;44;39;90;43;47;103;56;47;53;21;32  
3;68;58;32;26;52;30;22;60;33;27;50;32;18;42;25;17;50;27;23;53;26;27  
3;69;99;42;57;102;55;47;110;46;64;101;55;46;71;35;36;97;43;54;115;53;62  
3;70;162;84;78;140;70;70;139;82;57;143;70;73;120;49;71;122;56;66;126;68;58  
3;71;63;30;33;51;26;25;53;32;21;50;31;19;66;37;29;59;32;27;57;25;32  
3;72;63;39;24;90;49;41;101;50;51;83;40;43;98;59;39;98;53;45;87;49;38  
3;73;90;41;49;66;32;34;79;42;37;78;44;34;86;45;41;69;37;32;90;46;44  
3;74;61;25;36;40;19;21;41;19;22;58;30;28;45;26;19;53;32;21;50;26;24  
3;75;27;7;20;20;9;11;17;6;11;17;6;11;17;6;11;30;18;12;20;10;10  
3;76;102;59;43;92;54;38;102;50;52;116;59;57;88;45;43;105;56;49;98;38;60  
4;77;82;39;43;100;45;55;92;45;47;86;50;36;75;29;46;87;40;47;93;48;45  
4;78;55;28;27;75;38;37;72;36;36;71;40;31;65;34;31;70;38;32;76;40;36  
4;79;58;31;27;58;27;31;50;22;28;46;18;28;47;20;27;46;21;25;50;29;21  
4;80;8;5;3;13;5;8;10;1;9;12;8;4;8;6;2;11;5;6;11;7;4  
4;81;13;5;8;27;16;11;16;9;7;26;9;17;19;8;11;10;2;8;19;13;6  
4;82;35;18;17;34;17;17;37;18;19;24;7;17;45;23;22;32;18;14;37;18;19  
4;83;42;15;27;28;17;11;33;19;14;33;18;15;39;21;18;30;17;13;41;22;19  
4;84;53;29;24;53;27;26;63;40;23;64;34;30;53;24;29;53;25;28;59;34;25  
4;85;97;47;50;81;43;38;86;42;44;97;40;57;84;46;38;93;44;49;89;37;52  
4;86;44;28;16;58;38;20;62;30;32;44;27;17;65;32;33;48;23;25;65;37;28  
4;87;30;17;13;26;12;14;33;20;13;37;21;16;24;16;8;43;24;19;44;17;27  
4;88;41;19;22;54;22;32;45;27;18;42;25;17;29;14;15;47;21;26;49;17;32  
4;89;8;6;2;11;5;6;16;9;7;13;7;6;21;14;7;16;9;7;15;5;10  
4;90;19;11;8;19;11;8;18;7;11;19;7;12;15;6;9;16;10;6;13;7;6  
5;91;12;8;4;16;10;6;18;9;9;16;8;8;18;10;8;22;11;11;7;5;2  
5;92;25;14;11;23;16;7;19;13;6;21;10;11;29;19;10;18;11;7;37;24;13  
5;93;21;11;10;30;14;16;20;10;10;19;8;11;20;11;9;16;5;11;27;13;14  
5;94;11;4;7;16;8;8;13;6;7;15;11;4;7;3;4;10;7;3;9;3;6  
5;95;116;51;65;97;54;43;113;65;48;127;59;68;114;53;61;123;78;45;83;49;34  
5;96;110;66;44;94;53;41;77;37;40;111;58;53;115;72;43;109;62;47;106;43;63  
5;97;25;10;15;12;9;3;20;9;11;16;10;6;22;11;11;20;12;8;23;15;8  
5;98;40;17;23;53;27;26;45;24;21;49;27;22;53;25;28;44;21;23;52;32;20  
5;99;63;29;34;77;40;37;80;41;39;98;52;46;70;39;31;77;37;40;64;27;37  
5;100;21;13;8;29;18;11;18;6;12;33;19;14;15;10;5;28;14;14;18;9;9  
5;101;25;8;17;23;12;11;27;13;14;36;24;12;30;13;17;24;14;10;17;9;8  
5;102;76;41;35;76;40;36;90;42;48;99;45;54;75;36;39;82;39;43;88;52;36  
5;103;79;34;45;81;39;42;92;34;58;89;47;42;72;41;31;86;45;41;87;42;45  
5;104;56;32;24;62;33;29;54;26;28;61;26;35;59;30;29;55;25;30;51;27;24  
5;105;34;16;18;21;13;8;17;6;11;26;15;11;25;15;10;21;12;9;23;8;15  
5;106;47;24;23;55;23;32;59;37;22;63;33;30;53;27;26;47;24;23;60;29;31  
5;107;73;37;36;77;39;38;71;37;34;68;39;29;66;31;35;65;30;35;66;29;37  
5;108;44;25;19;62;35;27;57;24;33;51;13;38;45;16;29;60;36;24;56;22;34  
5;109;65;35;30;62;40;22;63;29;34;75;31;44;70;34;36;68;28;40;64;31;33  
5;110;53;21;32;77;37;40;66;29;37;66;38;28;65;33;32;70;34;36;91;46;45  
5;111;118;56;62;109;64;45;120;56;64;101;44;57;106;56;50;99;54;45;127;71;56  
5;112;77;39;38;61;34;27;74;39;35;63;31;32;74;38;36;58;27;31;77;35;42  
5;113;91;50;41;106;49;57;80;37;43;86;41;45;103;56;47;70;34;36;80;37;43  
6;114;58;23;35;63;32;31;59;36;23;61;24;37;51;26;25;58;34;24;60;27;33  
6;115;34;18;16;53;23;30;38;15;23;55;30;25;46;23;23;42;20;22;47;24;23  
6;116;21;13;8;18;9;9;16;11;5;20;7;13;15;4;11;16;11;5;18;11;7  
6;117;28;14;14;14;7;7;14;6;8;20;11;9;15;11;4;15;8;7;11;5;6  
6;118;70;40;30;86;47;39;72;31;41;59;35;24;57;29;28;78;46;32;58;36;22  
6;119;40;21;19;42;21;21;56;34;22;54;26;28;42;25;17;45;27;18;39;16;23  
6;120;55;30;25;45;23;22;60;29;31;67;38;29;54;34;20;53;35;18;45;23;22  
6;121;60;30;30;44;22;22;60;33;27;51;25;26;67;34;33;42;20;22;60;24;36  
6;122;30;23;7;44;26;18;39;21;18;34;16;18;46;26;20;33;22;11;39;20;19  
6;123;42;20;22;43;17;26;42;21;21;37;20;17;42;23;19;49;22;27;39;16;23  
6;124;42;22;20;44;20;24;57;31;26;50;24;26;37;14;23;39;19;20;50;25;25  
6;125;21;12;9;23;11;12;24;15;9;25;12;13;24;14;10;36;16;20;27;12;15  
6;126;51;34;17;51;29;22;45;26;19;37;18;19;40;23;17;51;26;25;57;25;32  
6;127;39;18;21;32;16;16;41;21;20;38;18;20;32;21;11;39;17;22;38;24;14  
6;128;41;23;18;46;29;17;51;29;22;42;28;14;57;31;26;48;24;24;59;32;27  
6;129;69;37;32;69;38;31;80;46;34;75;38;37;71;35;36;61;32;29;73;30;43  
6;130;50;25;25;59;36;23;64;34;30;62;35;27;47;23;24;55;28;27;48;26;22  
6;131;91;49;42;91;49;42;105;49;56;96;51;45;89;50;39;86;43;43;96;60;36  
6;132;38;19;19;56;29;27;50;22;28;50;26;24;44;22;22;68;36;32;45;19;26  
6;133;69;43;26;72;41;31;58;32;26;59;25;34;50;29;21;51;28;23;48;18;30  
6;134;76;41;35;70;37;33;71;38;33;77;41;36;76;45;31;71;27;44;87;46;41  
7;135;83;38;45;95;51;44;77;43;34;85;50;35;70;35;35;95;54;41;76;41;35  
7;136;42;22;20;64;39;25;55;26;29;52;24;28;58;29;29;39;19;20;51;24;27  
7;137;62;38;24;75;35;40;68;36;32;59;40;19;69;37;32;62;29;33;66;32;34  
7;138;73;36;37;88;44;44;54;18;36;81;40;41;70;28;42;71;32;39;51;27;24  
7;139;57;28;29;62;26;36;46;30;16;56;27;29;44;25;19;44;22;22;61;36;25  
7;140;86;42;44;102;55;47;77;41;36;93;42;51;101;45;56;94;40;54;106;51;55  
7;141;39;22;17;44;23;21;40;19;21;38;18;20;43;19;24;38;23;15;36;18;18  
7;142;74;35;39;57;32;25;69;33;36;70;39;31;61;22;39;56;30;26;67;41;26  
7;143;61;31;30;64;32;32;55;27;28;57;28;29;63;31;32;65;38;27;52;26;26  
7;144;35;16;19;43;19;24;32;19;13;31;12;19;27;12;15;31;15;16;36;23;13  
7;145;44;22;22;35;18;17;35;14;21;41;20;21;35;18;17;40;18;22;41;20;21  
7;146;38;19;19;21;15;6;33;18;15;23;11;12;22;11;11;33;19;14;32;19;13  
7;147;165;86;79;134;71;63;116;66;50;144;70;74;117;63;54;117;72;45;104;54;50  
7;148;123;66;57;134;64;70;114;52;62;103;54;49;129;68;61;121;61;60;110;69;41  
7;149;109;51;58;109;57;52;106;42;64;84;44;40;102;50;52;84;43;41;85;45;40  
7;150;53;31;22;48;21;27;46;15;31;50;29;21;55;28;27;39;21;18;47;18;29  
7;151;46;20;26;50;26;24;40;20;20;35;22;13;23;6;17;21;13;8;30;17;13  
7;152;37;16;21;31;9;22;34;19;15;37;15;22;40;25;15;35;18;17;52;24;28  
7;153;6;3;3;2;1;1;4;2;2;2;1;1;9;8;1;10;5;5;9;6;3  
7;154;95;57;38;77;39;38;86;46;40;102;44;58;92;42;50;78;42;36;76;36;40  
7;155;81;46;35;77;39;38;70;39;31;67;36;31;65;31;34;64;29;35;72;38;34  
7;156;51;28;23;35;22;13;43;16;27;44;19;25;50;32;18;45;21;24;47;27;20  
8;157;87;44;43;66;35;31;75;39;36;78;46;32;82;41;41;58;37;21;79;36;43  
8;158;17;11;6;20;11;9;15;8;7;18;7;11;16;7;9;12;9;3;15;9;6  
8;159;48;25;23;37;15;22;56;25;31;43;25;18;41;19;22;42;27;15;52;33;19  
8;160;65;37;28;53;23;30;56;25;31;64;37;27;58;34;24;65;37;28;55;26;29  
8;161;77;42;35;80;43;37;74;32;42;78;39;39;91;41;50;73;36;37;79;47;32  
8;162;46;27;19;50;25;25;52;21;31;45;19;26;55;31;24;57;28;29;43;22;21  
8;163;80;38;42;81;33;48;74;37;37;78;45;33;87;40;47;70;45;25;72;33;39  
8;164;99;40;59;87;43;44;68;37;31;97;51;46;80;43;37;92;41;51;77;44;33  
8;165;49;24;25;54;36;18;67;35;32;71;34;37;63;34;29;52;26;26;58;25;33  
8;166;18;8;10;17;11;6;27;20;7;18;7;11;14;6;8;21;8;13;17;9;8  
8;167;77;35;42;85;40;45;68;42;26;77;38;39;75;38;37;62;30;32;81;37;44  
8;168;36;18;18;37;16;21;40;18;22;47;27;20;28;12;16;30;18;12;27;18;9  
8;169;50;21;29;55;31;24;48;27;21;46;26;20;43;27;16;46;29;17;51;30;21  
8;170;79;44;35;96;49;47;106;49;57;94;46;48;79;43;36;73;36;37;76;29;47  
8;171;79;30;49;91;42;49;85;37;48;67;31;36;76;37;39;58;30;28;83;44;39  
8;172;49;26;23;51;25;26;51;17;34;43;24;19;35;12;23;40;17;23;41;23;18  
8;173;93;52;41;80;35;45;65;31;34;72;41;31;68;34;34;67;33;34;76;33;43  
8;174;51;23;28;62;33;29;65;24;41;48;28;20;49;23;26;53;23;30;53;33;20  
8;175;46;23;23;65;33;32;49;31;18;45;24;21;39;22;17;36;24;12;53;23;30  
8;176;34;19;15;25;12;13;31;15;16;30;18;12;32;18;14;36;18;18;35;18;17  
8;177;83;45;38;113;66;47;87;48;39;98;47;51;82;38;44;94;46;48;82;45;37  
8;178;90;45;45;83;37;46;84;36;48;86;49;37;55;30;25;66;29;37;70;45;25  
8;179;17;8;9;20;12;8;20;8;12;22;10;12;33;14;19;22;12;10;34;15;19  
8;180;125;64;61;138;64;74;114;62;52;109;60;49;99;62;37;120;48;72;107;60;47  
8;181;21;14;7;24;10;14;12;6;6;23;9;14;17;7;10;20;12;8;12;5;7  
9;182;145;76;69;155;75;80;127;71;56;127;60;67;133;65;68;127;73;54;96;48;48  
9;183;20;7;13;33;22;11;19;9;10;12;6;6;18;5;13;20;12;8;30;14;16  
9;184;77;40;37;93;43;50;70;36;34;52;23;29;44;21;23;51;24;27;39;22;17  
9;185;122;50;72;86;45;41;75;49;26;73;37;36;80;40;40;88;50;38;71;36;35  
9;186;107;58;49;93;43;50;100;51;49;78;44;34;99;56;43;80;48;32;99;48;51  
9;187;32;16;16;40;14;26;36;22;14;46;20;26;40;22;18;36;18;18;36;22;14  
9;188;95;44;51;99;55;44;75;43;32;68;32;36;59;29;30;55;27;28;50;26;24  
9;189;39;16;23;52;32;20;50;27;23;40;22;18;49;25;24;62;34;28;64;30;34  
9;190;76;43;33;72;37;35;79;43;36;85;42;43;61;32;29;75;32;43;49;22;27  
9;191;71;34;37;74;40;34;78;37;41;79;45;34;92;45;47;74;37;37;76;37;39  
9;192;100;55;45;112;46;66;102;59;43;92;49;43;90;48;42;114;69;45;108;54;54  
9;193;77;31;46;59;39;20;85;36;49;89;54;35;104;53;51;92;48;44;86;47;39  
9;194;36;19;17;35;21;14;27;12;15;21;11;10;31;14;17;29;14;15;20;9;11  
9;195;46;24;22;51;28;23;66;26;40;57;25;32;56;30;26;64;38;26;59;41;18  
9;196;82;43;39;86;46;40;77;39;38;67;40;27;66;35;31;74;41;33;61;36;25  
9;197;50;25;25;44;17;27;58;22;36;53;24;29;52;35;17;39;18;21;45;32;13  
9;198;66;41;25;72;32;40;57;26;31;65;31;34;73;34;39;80;47;33;74;35;39  
9;199;74;37;37;91;47;44;96;51;45;66;25;41;79;37;42;86;44;42;98;51;47  
9;200;75;47;28;99;52;47;83;50;33;85;45;40;87;48;39;86;39;47;80;46;34  
10;201;77;40;37;67;40;27;67;38;29;64;32;32;80;34;46;67;29;38;61;28;33  
10;202;92;43;49;87;52;35;70;27;43;58;29;29;66;33;33;87;40;47;97;49;48  
10;203;92;51;41;75;36;39;76;45;31;80;42;38;96;57;39;85;33;52;84;46;38  
10;204;98;41;57;86;47;39;83;49;34;77;43;34;79;42;37;85;40;45;80;45;35  
10;205;90;40;50;75;41;34;90;46;44;70;40;30;71;42;29;73;37;36;77;45;32  
10;206;86;41;45;98;44;54;84;41;43;87;45;42;71;31;40;59;27;32;81;45;36  
10;207;63;32;31;57;34;23;48;20;28;60;32;28;51;24;27;58;22;36;52;29;23  
10;208;33;20;13;35;19;16;38;17;21;42;19;23;47;23;24;72;38;34;75;46;29  
10;209;80;45;35;85;44;41;82;46;36;76;41;35;85;45;40;63;35;28;88;38;50  
10;210;76;41;35;74;36;38;67;29;38;58;33;25;66;31;35;73;42;31;64;32;32  
10;211;16;7;9;17;12;5;17;9;8;18;10;8;30;11;19;17;11;6;30;14;16  
10;212;38;21;17;46;20;26;42;18;24;48;20;28;33;21;12;44;26;18;47;16;31  
10;213;53;20;33;63;26;37;67;34;33;67;36;31;61;37;24;75;44;31;57;28;29  
10;214;140;82;58;145;77;68;146;65;81;122;65;57;114;53;61;95;46;49;109;62;47  
10;215;119;78;41;133;63;70;126;58;68;119;55;64;122;59;63;138;79;59;110;56;54  
10;216;25;13;12;40;15;25;57;30;27;66;27;39;83;40;43;65;33;32;66;36;30  
10;217;95;55;40;76;41;35;95;48;47;85;39;46;76;41;35;71;41;30;65;37;28  
10;218;35;16;19;43;21;22;50;31;19;60;34;26;43;24;19;38;13;25;49;24;25  
10;219;75;39;36;98;50;48;96;51;45;98;36;62;83;43;40;93;60;33;69;28;41  
10;220;73;39;34;79;49;30;65;38;27;61;26;35;55;28;27;75;50;25;70;44;26  
10;221;8;4;4;19;14;5;14;10;4;15;6;9;23;14;9;13;7;6;17;6;11  
10;222;36;23;13;42;23;19;58;25;33;43;21;22;34;17;17;42;19;23;35;19;16  
10;223;52;24;28;58;30;28;58;32;26;75;37;38;83;44;39;76;42;34;75;35;40  
10;224;74;35;39;85;39;46;81;40;41;67;31;36;79;45;34;77;34;43;47;26;21  
10;225;66;39;27;54;29;25;66;29;37;60;26;34;52;30;22;57;25;32;63;34;29  
10;226;63;26;37;71;36;35;78;38;40;87;47;40;75;34;41;73;35;38;73;37;36  
10;227;44;21;23;46;24;22;43;24;19;46;22;24;38;21;17;46;22;24;55;20;35  
10;228;67;26;41;49;29;20;58;29;29;43;24;19;63;35;28;49;24;25;48;28;20  
10;229;38;23;15;31;14;17;38;15;23;34;13;21;35;24;11;33;22;11;31;15;16  
10;230;56;24;32;70;34;36;69;32;37;65;31;34;45;19;26;58;32;26;61;38;23  
10;231;49;21;28;71;31;40;48;21;27;73;44;29;54;21;33;59;26;33;68;31;37  
10;232;59;28;31;52;25;27;49;27;22;53;33;20;61;40;21;31;15;16;55;29;26  
10;233;62;24;38;55;33;22;43;18;25;40;26;14;42;28;14;53;24;29;41;21;20 
