Dte.;Barri;2009 Total;2009 Homes;2009 Dones;2010 Total;2010 Homes;2010 Dones;2011 Total;2011 Homes;2011 Dones;2012 Total;2012 Homes;2012 Dones;2013 Total;2013 Homes;2013 Dones;2014 Total;2014 Homes;2014 Dones;2015 Total;2015 Homes;2015 Dones
1;1;39;15;24;33;12;21;39;21;18;30;18;12;27;10;17;37;15;22;36;19;17  
1;2;49;29;20;36;20;16;45;18;27;51;26;25;43;28;15;39;17;22;57;34;23  
1;3;58;27;31;56;29;27;46;18;28;51;28;23;42;22;20;43;25;18;26;15;11  
1;4;62;33;29;65;43;22;54;36;18;48;31;17;37;19;18;53;38;15;45;26;19  
1;5;50;22;28;49;22;27;39;23;16;45;23;22;45;21;24;43;23;20;37;18;19  
1;6;53;24;29;60;32;28;45;21;24;60;23;37;51;28;23;50;26;24;62;37;25  
1;7;73;33;40;55;27;28;51;29;22;58;36;22;62;22;40;41;19;22;60;28;32  
1;8;23;10;13;14;5;9;14;4;10;12;3;9;15;8;7;17;10;7;8;7;1  
1;9;45;24;21;47;22;25;35;16;19;35;21;14;38;20;18;26;16;10;37;16;21  
1;10;42;16;26;45;13;32;43;20;23;41;24;17;46;26;20;44;28;16;34;20;14  
1;11;24;15;9;23;14;9;29;12;17;20;12;8;24;10;14;20;12;8;21;14;7  
1;12;61;31;30;52;26;26;37;16;21;36;18;18;39;19;20;47;29;18;50;20;30  
1;13;34;15;19;40;23;17;53;28;25;45;28;17;53;26;27;44;26;18;32;16;16  
1;14;26;15;11;34;17;17;23;13;10;33;19;14;29;14;15;24;9;15;36;19;17  
1;15;98;50;48;114;43;71;89;42;47;116;43;73;114;48;66;105;45;60;120;54;66  
1;16;51;21;30;53;24;29;44;20;24;66;31;35;60;28;32;49;24;25;44;25;19  
1;17;52;26;26;53;25;28;49;31;18;48;23;25;46;19;27;56;33;23;49;23;26  
1;18;36;14;22;52;25;27;47;27;20;37;14;23;44;17;27;46;26;20;45;24;21  
1;19;38;16;22;55;22;33;48;26;22;45;26;19;32;10;22;43;22;21;31;19;12  
2;20;144;58;86;159;84;75;147;68;79;156;77;79;156;70;86;142;54;88;156;68;88  
2;21;41;21;20;41;21;20;38;13;25;50;20;30;42;21;21;50;19;31;38;21;17  
2;22;118;57;61;92;43;49;98;52;46;124;55;69;126;52;74;100;33;67;114;44;70  
2;23;49;24;25;29;17;12;37;19;18;46;22;24;53;28;25;41;18;23;53;21;32  
2;24;149;67;82;155;64;91;157;65;92;135;50;85;138;59;79;149;56;93;141;54;87  
2;25;116;58;58;101;43;58;79;36;43;96;49;47;113;57;56;102;57;45;113;56;57  
2;26;161;71;90;128;54;74;149;72;77;137;69;68;151;72;79;134;55;79;122;59;63  
2;27;116;48;68;103;45;58;112;47;65;117;45;72;112;45;67;109;54;55;110;44;66  
2;28;93;29;64;118;50;68;97;37;60;107;45;62;95;34;61;102;45;57;105;40;65  
2;29;69;21;48;88;35;53;77;34;43;97;36;61;94;36;58;74;32;42;89;31;58  
2;30;59;30;29;63;29;34;60;27;33;53;23;30;64;29;35;63;26;37;59;28;31  
2;31;59;23;36;54;26;28;54;16;38;43;18;25;49;15;34;45;11;34;45;20;25  
2;32;55;16;39;74;20;54;67;24;43;74;29;45;75;26;49;67;23;44;63;25;38  
2;33;19;7;12;26;6;20;14;3;11;33;10;23;24;4;20;20;5;15;20;3;17  
2;34;55;12;43;52;12;40;57;23;34;48;16;32;67;22;45;41;14;27;44;16;28  
2;35;61;16;45;57;16;41;58;17;41;59;26;33;40;14;26;51;24;27;42;14;28  
2;36;46;22;24;23;13;10;37;13;24;39;14;25;33;13;20;26;8;18;28;8;20  
2;37;69;37;32;75;21;54;52;27;25;58;24;34;74;36;38;60;26;34;56;27;29  
2;38;55;20;35;54;25;29;60;21;39;55;28;27;42;13;29;40;13;27;48;24;24  
2;39;29;9;20;32;18;14;30;12;18;35;11;24;39;19;20;34;13;21;32;18;14  
2;40;74;25;49;91;43;48;83;28;55;84;33;51;70;35;35;65;29;36;89;35;54  
2;41;81;39;42;83;39;44;57;27;30;100;36;64;96;45;51;74;31;43;87;26;61  
2;42;74;38;36;62;36;26;65;35;30;69;32;37;40;22;18;69;32;37;61;32;29  
2;43;62;26;36;71;21;50;65;31;34;80;40;40;68;32;36;64;35;29;63;28;35  
2;44;97;39;58;75;35;40;76;30;46;84;30;54;67;36;31;90;43;47;106;45;61  
2;45;105;53;52;85;45;40;95;41;54;80;38;42;83;38;45;102;49;53;116;50;66  
2;46;54;28;26;62;36;26;71;30;41;79;45;34;67;32;35;67;35;32;91;49;42  
2;47;70;31;39;78;40;38;69;32;37;82;49;33;66;33;33;63;26;37;80;37;43  
2;48;89;45;44;76;34;42;74;35;39;75;35;40;81;36;45;72;36;36;76;37;39  
2;49;62;29;33;68;40;28;49;23;26;68;31;37;50;25;25;60;32;28;51;21;30  
2;50;78;34;44;71;33;38;85;44;41;75;23;52;74;32;42;61;24;37;71;35;36  
2;51;121;52;69;100;56;44;124;55;69;123;65;58;104;48;56;122;59;63;95;37;58  
2;52;82;37;45;85;42;43;74;31;43;85;39;46;83;41;42;90;42;48;83;33;50  
2;53;60;26;34;60;27;33;44;20;24;52;27;25;63;32;31;45;17;28;49;18;31  
2;54;73;36;37;65;23;42;51;19;32;63;30;33;62;34;28;63;31;32;54;19;35  
2;55;82;44;38;92;37;55;85;46;39;92;38;54;78;39;39;83;38;45;80;35;45  
3;56;142;81;61;131;66;65;127;72;55;129;65;64;134;62;72;118;56;62;121;56;65  
3;57;131;64;67;123;54;69;134;49;85;115;54;61;120;67;53;121;62;59;131;58;73  
3;58;84;42;42;67;44;23;62;27;35;84;43;41;72;37;35;73;30;43;72;38;34  
3;59;24;13;11;28;19;9;23;10;13;36;20;16;23;14;9;33;14;19;34;14;20  
3;60;17;7;10;17;7;10;19;8;11;16;7;9;19;13;6;13;5;8;16;6;10  
3;61;63;35;28;56;32;24;63;32;31;73;46;27;66;42;24;78;43;35;72;34;38  
3;62;44;18;26;62;28;34;55;33;22;68;37;31;73;37;36;78;33;45;64;26;38  
3;63;58;30;28;74;39;35;76;42;34;72;44;28;83;49;34;67;38;29;84;46;38  
3;64;28;16;12;29;14;15;41;19;22;39;20;19;37;14;23;30;14;16;33;18;15  
3;65;75;35;40;103;47;56;102;46;56;126;47;79;123;59;64;115;45;70;123;55;68  
3;66;59;27;32;57;32;25;64;36;28;70;39;31;54;26;28;58;32;26;60;24;36  
3;67;82;35;47;66;31;35;80;39;41;83;42;41;76;40;36;82;44;38;82;39;43  
3;68;86;45;41;79;27;52;93;37;56;95;44;51;89;42;47;86;38;48;97;36;61  
3;69;80;43;37;77;35;42;90;46;44;94;48;46;76;41;35;83;44;39;92;52;40  
3;70;147;77;70;136;68;68;131;65;66;149;73;76;154;82;72;119;61;58;151;70;81  
3;71;72;32;40;58;23;35;54;28;26;62;31;31;48;19;29;53;27;26;67;35;32  
3;72;109;46;63;104;49;55;92;39;53;120;55;65;109;47;62;104;48;56;111;50;61  
3;73;92;39;53;74;42;32;84;38;46;69;33;36;80;34;46;76;34;42;67;36;31  
3;74;52;23;29;67;42;25;58;25;33;57;29;28;63;25;38;52;27;25;52;33;19  
3;75;33;22;11;21;10;11;30;17;13;25;13;12;26;13;13;29;13;16;26;11;15  
3;76;109;43;66;116;47;69;125;52;73;119;55;64;124;44;80;108;54;54;135;58;77  
4;77;127;58;69;135;64;71;125;53;72;122;56;66;112;56;56;99;43;56;106;38;68  
4;78;95;42;53;82;32;50;88;36;52;83;34;49;95;53;42;93;40;53;86;32;54  
4;79;60;29;31;70;29;41;57;29;28;65;33;32;69;35;34;70;28;42;70;30;40  
4;80;12;6;6;12;7;5;14;10;4;12;8;4;8;5;3;7;5;2;16;6;10  
4;81;9;4;5;9;7;2;11;6;5;16;10;6;14;9;5;11;8;3;16;7;9  
4;82;33;16;17;34;15;19;31;19;12;38;17;21;34;16;18;45;18;27;32;11;21  
4;83;58;34;24;52;36;16;51;29;22;50;25;25;40;21;19;41;19;22;61;34;27  
4;84;56;32;24;59;26;33;54;22;32;62;30;32;47;19;28;56;24;32;80;35;45  
4;85;88;48;40;111;57;54;78;35;43;98;50;48;102;57;45;102;58;44;103;46;57  
4;86;65;35;30;59;25;34;71;39;32;65;32;33;60;27;33;67;34;33;64;27;37  
4;87;25;11;14;27;20;7;30;15;15;28;12;16;32;10;22;40;24;16;44;23;21  
4;88;37;19;18;52;24;28;46;26;20;52;26;26;52;27;25;63;30;33;52;33;19  
4;89;15;6;9;22;11;11;18;7;11;24;14;10;16;9;7;20;8;12;10;6;4  
4;90;22;7;15;27;15;12;24;11;13;29;12;17;28;12;16;24;6;18;29;13;16  
5;91;8;6;2;4;0;4;6;4;2;12;6;6;11;9;2;9;4;5;5;1;4  
5;92;42;18;24;45;16;29;41;12;29;46;17;29;29;14;15;42;11;31;44;18;26  
5;93;30;10;20;27;10;17;43;8;35;46;10;36;48;10;38;46;12;34;60;13;47  
5;94;11;8;3;17;11;6;19;7;12;20;11;9;21;8;13;8;4;4;20;6;14  
5;95;121;49;72;83;33;50;99;42;57;107;50;57;92;37;55;101;35;66;87;36;51  
5;96;62;25;37;77;39;38;98;46;52;86;45;41;76;29;47;74;30;44;91;50;41  
5;97;13;5;8;15;8;7;12;6;6;19;9;10;15;9;6;21;11;10;19;8;11  
5;98;39;18;21;42;13;29;31;13;18;47;17;30;49;23;26;42;18;24;48;21;27  
5;99;59;30;29;59;35;24;58;32;26;51;27;24;52;28;24;62;31;31;66;29;37  
5;100;43;18;25;37;14;23;34;10;24;38;19;19;40;16;24;47;24;23;54;22;32  
5;101;49;16;33;37;8;29;41;10;31;37;11;26;36;12;24;29;9;20;32;15;17  
5;102;77;38;39;70;39;31;75;34;41;88;46;42;64;27;37;87;47;40;81;39;42  
5;103;100;39;61;95;46;49;78;38;40;100;47;53;96;48;48;88;33;55;86;45;41  
5;104;46;24;22;54;27;27;51;24;27;53;18;35;47;19;28;49;25;24;48;20;28  
5;105;25;11;14;43;23;20;28;13;15;47;20;27;42;23;19;36;17;19;37;17;20  
5;106;66;29;37;68;29;39;76;37;39;90;43;47;63;34;29;64;30;34;86;47;39  
5;107;84;35;49;89;39;50;84;38;46;84;44;40;73;32;41;77;30;47;87;34;53  
5;108;62;27;35;58;27;31;54;21;33;50;17;33;64;30;34;61;29;32;52;23;29  
5;109;73;37;36;71;26;45;65;33;32;96;38;58;69;18;51;64;32;32;76;35;41  
5;110;82;38;44;77;43;34;73;27;46;78;35;43;77;24;53;82;40;42;80;41;39  
5;111;100;50;50;102;48;54;84;45;39;105;44;61;101;49;52;92;44;48;94;42;52  
5;112;71;31;40;66;25;41;78;30;48;79;29;50;65;23;42;83;38;45;75;31;44  
5;113;65;34;31;67;22;45;74;40;34;74;34;40;84;36;48;67;34;33;73;30;43  
6;114;62;21;41;63;28;35;59;28;31;55;22;33;70;35;35;66;23;43;52;20;32  
6;115;40;20;20;41;17;24;49;25;24;36;16;20;44;15;29;41;21;20;46;17;29  
6;116;13;7;6;10;5;5;13;6;7;13;7;6;19;10;9;17;7;10;17;12;5  
6;117;34;16;18;30;12;18;24;11;13;36;17;19;25;11;14;29;13;16;25;12;13  
6;118;56;27;29;60;35;25;53;30;23;56;31;25;51;24;27;45;25;20;59;30;29  
6;119;40;20;20;53;23;30;38;20;18;35;17;18;51;28;23;50;19;31;58;24;34  
6;120;68;33;35;75;30;45;67;28;39;93;47;46;86;43;43;81;35;46;90;37;53  
6;121;62;31;31;61;24;37;61;27;34;75;32;43;63;29;34;56;27;29;58;23;35  
6;122;61;26;35;43;24;19;49;14;35;55;22;33;66;23;43;62;26;36;68;27;41  
6;123;63;26;37;40;18;22;42;20;22;41;17;24;49;19;30;52;17;35;54;20;34  
6;124;57;24;33;48;19;29;45;18;27;46;15;31;47;18;29;47;21;26;51;21;30  
6;125;29;16;13;22;14;8;22;10;12;17;7;10;24;15;9;26;11;15;37;16;21  
6;126;76;35;41;47;23;24;59;28;31;57;26;31;51;16;35;46;24;22;56;30;26  
6;127;43;18;25;34;12;22;36;14;22;31;15;16;25;9;16;28;9;19;36;14;22  
6;128;33;15;18;51;17;34;40;21;19;46;16;30;41;14;27;44;14;30;40;17;23  
6;129;99;42;57;96;33;63;94;44;50;83;37;46;76;38;38;80;41;39;92;37;55  
6;130;57;26;31;58;29;29;60;29;31;64;23;41;53;27;26;47;22;25;49;22;27  
6;131;96;50;46;95;44;51;89;27;62;130;53;77;116;51;65;119;53;66;113;45;68  
6;132;61;25;36;68;29;39;67;27;40;71;31;40;62;30;32;80;36;44;73;37;36  
6;133;57;22;35;46;17;29;56;27;29;48;24;24;60;33;27;55;22;33;59;29;30  
6;134;103;61;42;91;51;40;74;39;35;94;37;57;102;50;52;91;50;41;96;45;51  
7;135;126;51;75;149;61;88;186;76;110;178;68;110;192;85;107;183;68;115;172;56;116  
7;136;56;23;33;63;29;34;68;34;34;69;36;33;64;30;34;66;31;35;63;26;37  
7;137;93;46;47;76;40;36;80;44;36;97;42;55;85;36;49;82;45;37;80;41;39  
7;138;84;39;45;76;31;45;75;40;35;96;37;59;77;32;45;90;44;46;80;38;42  
7;139;64;22;42;60;34;26;61;25;36;70;30;40;54;27;27;60;35;25;63;34;29  
7;140;102;48;54;103;53;50;86;36;50;92;52;40;97;52;45;95;51;44;105;51;54  
7;141;42;25;17;34;18;16;54;22;32;50;24;26;40;21;19;41;20;21;41;15;26  
7;142;78;39;39;68;40;28;77;33;44;69;35;34;74;29;45;77;32;45;81;31;50  
7;143;54;31;23;64;37;27;69;34;35;56;34;22;62;29;33;59;23;36;72;42;30  
7;144;50;18;32;50;21;29;56;23;33;66;28;38;44;16;28;48;18;30;57;22;35  
7;145;49;27;22;44;19;25;29;16;13;48;20;28;43;24;19;46;21;25;41;18;23  
7;146;42;19;23;22;15;7;21;10;11;25;13;12;35;18;17;30;16;14;27;18;9  
7;147;116;58;58;127;80;47;113;56;57;110;60;50;98;57;41;104;62;42;130;71;59  
7;148;110;56;54;100;53;47;101;56;45;109;58;51;117;66;51;126;71;55;115;49;66  
7;149;102;54;48;109;60;49;96;48;48;95;45;50;97;55;42;93;45;48;112;59;53  
7;150;87;42;45;67;33;34;75;30;45;84;34;50;90;46;44;93;44;49;99;41;58  
7;151;118;48;70;113;37;76;92;35;57;119;49;70;118;51;67;101;40;61;113;48;65  
7;152;57;23;34;41;20;21;50;30;20;51;29;22;49;23;26;69;42;27;45;22;23  
7;153;1;0;1;6;5;1;7;6;1;6;3;3;7;3;4;6;3;3;2;0;2  
7;154;144;71;73;139;71;68;123;63;60;134;52;82;140;62;78;107;50;57;135;64;71  
7;155;81;46;35;79;41;38;92;52;40;71;35;36;80;36;44;68;34;34;74;36;38  
7;156;88;41;47;70;27;43;73;32;41;87;37;50;76;30;46;84;30;54;91;38;53  
8;157;112;48;64;88;46;42;104;52;52;114;65;49;106;45;61;104;54;50;102;52;50  
8;158;21;8;13;25;12;13;24;13;11;22;8;14;27;11;16;22;12;10;21;11;10  
8;159;51;28;23;58;32;26;59;29;30;54;26;28;69;34;35;58;29;29;65;31;34  
8;160;59;28;31;61;35;26;79;41;38;80;36;44;79;46;33;86;38;48;50;27;23  
8;161;125;59;66;100;45;55;95;43;52;109;47;62;88;47;41;105;47;58;109;42;67  
8;162;52;23;29;40;25;15;47;29;18;48;24;24;36;21;15;45;25;20;53;31;22  
8;163;80;52;28;92;53;39;78;38;40;100;55;45;100;54;46;107;53;54;104;58;46  
8;164;102;55;47;121;58;63;110;51;59;117;58;59;82;43;39;102;57;45;102;46;56  
8;165;70;38;32;66;31;35;72;43;29;79;33;46;76;43;33;63;38;25;89;48;41  
8;166;34;20;14;35;18;17;26;18;8;24;11;13;29;13;16;28;16;12;34;12;22  
8;167;84;48;36;72;42;30;96;46;50;90;51;39;91;42;49;78;45;33;89;43;46  
8;168;79;45;34;69;32;37;73;37;36;84;46;38;82;45;37;81;38;43;94;49;45  
8;169;53;27;26;48;25;23;66;34;32;61;30;31;60;31;29;58;31;27;59;27;32  
8;170;59;30;29;51;36;15;68;39;29;49;30;19;55;29;26;47;24;23;51;23;28  
8;171;69;41;28;65;36;29;62;33;29;80;47;33;59;31;28;63;34;29;63;34;29  
8;172;55;24;31;48;36;12;43;20;23;47;25;22;43;27;16;40;21;19;45;22;23  
8;173;75;40;35;67;41;26;53;32;21;83;47;36;72;43;29;73;41;32;62;33;29  
8;174;50;29;21;51;31;20;36;19;17;51;30;21;46;22;24;53;29;24;45;30;15  
8;175;54;30;24;42;24;18;65;37;28;55;34;21;54;31;23;54;28;26;64;28;36  
8;176;45;17;28;41;24;17;37;16;21;42;23;19;51;29;22;40;21;19;40;24;16  
8;177;82;43;39;77;44;33;90;43;47;80;37;43;70;42;28;73;40;33;93;48;45  
8;178;112;54;58;100;44;56;102;43;59;118;61;57;108;44;64;99;38;61;121;54;67  
8;179;21;17;4;25;13;12;19;15;4;23;13;10;19;12;7;14;9;5;21;13;8  
8;180;74;42;32;56;33;23;70;38;32;57;34;23;60;28;32;52;38;14;68;45;23  
8;181;27;10;17;15;6;9;26;12;14;32;13;19;29;10;19;48;16;32;35;10;25  
9;182;63;30;33;57;31;26;42;29;13;51;27;24;47;27;20;56;36;20;67;44;23  
9;183;38;19;19;21;8;13;19;9;10;15;7;8;26;15;11;28;16;12;25;16;9  
9;184;17;13;4;5;2;3;14;9;5;20;10;10;27;18;9;25;15;10;25;10;15  
9;185;91;43;48;80;40;40;87;54;33;88;50;38;86;46;40;100;57;43;80;39;41  
9;186;87;46;41;93;51;42;73;37;36;74;42;32;86;37;49;99;56;43;73;36;37  
9;187;47;18;29;45;25;20;42;25;17;41;19;22;49;29;20;32;19;13;53;26;27  
9;188;27;11;16;20;11;9;18;6;12;27;14;13;25;15;10;18;11;7;35;14;21  
9;189;29;11;18;22;8;14;19;11;8;32;17;15;28;19;9;33;16;17;49;23;26  
9;190;66;36;30;82;37;45;58;28;30;66;32;34;82;40;42;64;29;35;71;37;34  
9;191;97;48;49;75;46;29;84;27;57;83;34;49;86;36;50;79;30;49;98;44;54  
9;192;124;61;63;107;52;55;129;58;71;116;51;65;102;52;50;115;57;58;100;46;54  
9;193;80;44;36;84;45;39;78;38;40;72;33;39;86;43;43;77;38;39;92;55;37  
9;194;17;4;13;16;8;8;26;6;20;33;13;20;27;15;12;24;12;12;27;7;20  
9;195;56;31;25;55;27;28;52;25;27;39;19;20;56;31;25;58;32;26;50;27;23  
9;196;90;52;38;67;38;29;79;42;37;104;48;56;67;32;35;91;44;47;101;51;50  
9;197;75;38;37;80;42;38;89;40;49;87;43;44;99;45;54;86;41;45;73;31;42  
9;198;92;52;40;62;38;24;64;32;32;61;29;32;62;32;30;84;35;49;62;26;36  
9;199;111;54;57;106;55;51;102;43;59;113;54;59;88;39;49;97;46;51;117;51;66  
9;200;85;37;48;79;40;39;88;49;39;90;46;44;75;33;42;89;53;36;92;46;46  
10;201;78;46;32;50;23;27;70;36;34;66;34;32;62;29;33;79;38;41;71;34;37  
10;202;97;48;49;93;53;40;98;46;52;110;54;56;92;42;50;97;46;51;101;45;56  
10;203;92;43;49;85;44;41;86;41;45;86;44;42;87;39;48;94;39;55;88;49;39  
10;204;84;42;42;83;32;51;86;44;42;89;34;55;106;34;72;84;34;50;100;41;59  
10;205;85;43;42;83;35;48;49;20;29;80;42;38;81;41;40;82;43;39;69;30;39  
10;206;72;37;35;65;27;38;70;40;30;74;33;41;70;35;35;66;31;35;87;44;43  
10;207;54;33;21;56;35;21;48;26;22;47;22;25;42;25;17;57;33;24;51;22;29  
10;208;26;17;9;24;15;9;17;8;9;18;10;8;19;7;12;32;17;15;27;17;10  
10;209;80;40;40;88;46;42;85;42;43;78;31;47;102;49;53;122;65;57;83;45;38  
10;210;17;8;9;17;5;12;25;10;15;26;15;11;24;12;12;24;9;15;20;11;9  
10;211;5;3;2;8;5;3;13;9;4;8;5;3;6;2;4;8;4;4;7;4;3  
10;212;40;23;17;40;12;28;38;15;23;34;17;17;32;21;11;34;18;16;43;23;20  
10;213;63;25;38;54;20;34;61;34;27;65;31;34;45;21;24;58;24;34;56;30;26  
10;214;90;34;56;69;29;40;85;35;50;88;34;54;61;34;27;93;39;54;81;35;46  
10;215;96;48;48;96;55;41;116;64;52;76;47;29;88;55;33;96;45;51;113;59;54  
10;216;32;17;15;29;15;14;27;15;12;34;20;14;38;18;20;30;14;16;40;18;22  
10;217;35;15;20;28;14;14;23;12;11;39;13;26;22;7;15;33;13;20;29;8;21  
10;218;3;2;1;5;2;3;5;2;3;2;2;0;2;2;0;4;2;2;4;2;2  
10;219;68;40;28;65;34;31;51;34;17;66;31;35;59;34;25;69;29;40;64;38;26  
10;220;68;33;35;76;36;40;65;30;35;76;42;34;79;38;41;66;35;31;68;40;28  
10;221;21;13;8;16;9;7;10;8;2;14;9;5;12;6;6;28;15;13;20;12;8  
10;222;54;29;25;41;24;17;53;28;25;63;29;34;56;31;25;45;28;17;43;26;17  
10;223;28;12;16;27;14;13;19;6;13;27;15;12;17;12;5;14;9;5;29;17;12  
10;224;48;23;25;47;24;23;47;26;21;71;39;32;69;32;37;49;16;33;74;34;40  
10;225;71;40;31;65;41;24;46;28;18;71;30;41;59;35;24;73;43;30;81;42;39  
10;226;100;53;47;83;44;39;79;40;39;79;49;30;82;43;39;82;43;39;93;50;43  
10;227;75;32;43;57;26;31;63;29;34;65;31;34;51;22;29;57;28;29;67;26;41  
10;228;65;34;31;81;45;36;85;46;39;80;37;43;72;40;32;70;30;40;74;48;26  
10;229;42;26;16;46;20;26;58;24;34;53;28;25;47;22;25;53;28;25;58;34;24  
10;230;55;30;25;45;23;22;49;29;20;66;36;30;52;29;23;51;30;21;54;22;32  
10;231;94;46;48;105;39;66;85;35;50;84;40;44;94;55;39;111;59;52;96;36;60  
10;232;58;38;20;73;36;37;63;27;36;66;33;33;78;45;33;47;22;25;75;46;29  
10;233;64;34;30;77;45;32;59;28;31;94;49;45;76;45;31;76;42;34;96;48;48  
