Dte.;Barri;2007 Total;2007 Homes;2007 Dones;2008 Total;2008 Homes;2008 Dones;2009 Total;2009 Homes;2009 Dones;2010 Total;2010 Homes;2010 Dones;2011 Total;2011 Homes;2011 Dones;2012 Total;2012 Homes;2012 Dones;2013 Total;2013 Homes;2013 Dones;2014 Total;2014 Homes;2014 Dones;2015 Total;2015 Homes;2015 Dones
1;1. el Raval;420;237;183;375;204;171;407;193;214;368;190;178;333;170;163;355;188;167;322;158;164;323;173;150;331;184;147  
1;2. el Barri Gòtic;194;108;86;179;94;85;172;86;86;167;75;92;144;64;80;132;75;57;147;75;72;137;85;52;142;70;72  
1;3. la Barceloneta;191;105;86;199;90;109;158;80;78;188;83;105;165;83;82;194;90;104;196;88;108;173;80;93;188;89;99  
1;4. Sant Pere, Santa Caterina i la Ribera;203;96;107;214;107;107;177;77;100;213;96;117;188;104;84;196;94;102;182;74;108;194;105;89;169;91;78  
2;5. el Fort Pienc;322;131;191;283;124;159;303;136;167;292;148;144;283;133;150;330;152;178;324;143;181;292;106;186;308;133;175  
2;6. la Sagrada Família;583;255;328;573;257;316;591;268;323;516;223;293;534;239;295;531;235;296;567;261;306;535;240;295;539;234;305  
2;7. la Dreta de l'Eixample;572;238;334;566;232;334;516;176;340;555;207;348;521;194;327;553;217;336;541;193;348;489;188;301;495;185;310  
2;8. l'Antiga Esquerra de l'Eixample;457;210;247;431;180;251;445;194;251;468;203;265;412;181;231;481;204;277;429;202;227;406;179;227;436;190;246  
2;9. la Nova Esquerra de l'Eixample;532;237;295;587;264;323;554;259;295;515;263;252;519;235;284;543;251;292;488;232;256;515;245;270;591;274;317  
2;10. Sant Antoni;390;204;186;435;182;253;418;195;223;402;185;217;378;171;207;415;199;216;390;194;196;403;187;216;361;142;219  
3;11. el Poble Sec - AEI Parc Montjuïc;429;214;215;383;181;202;381;200;181;349;183;166;346;158;188;364;182;182;348;180;168;345;162;183;358;166;192  
3;12. la Marina del Prat Vermell - AEI Zona Franca;23;16;7;15;8;7;17;7;10;17;7;10;19;8;11;16;7;9;18;12;6;13;5;8;16;6;10  
3;13. la Marina de Port;210;126;84;249;124;125;193;99;94;221;113;108;235;126;109;252;147;105;259;142;117;253;128;125;253;124;129  
3;14. la Font de la Guatlla;102;49;53;89;45;44;75;35;40;103;47;56;102;46;56;126;47;79;123;59;64;115;45;70;123;55;68  
3;15. Hostafrancs;165;77;88;130;72;58;141;62;79;123;63;60;144;75;69;153;81;72;130;66;64;140;76;64;142;63;79  
3;16. la Bordeta;164;71;93;149;69;80;166;88;78;156;62;94;183;83;100;189;92;97;165;83;82;169;82;87;189;88;101  
3;17. Sants - Badal;202;82;120;205;94;111;219;109;110;194;91;103;185;93;92;211;104;107;202;101;101;172;88;84;218;105;113  
3;18. Sants;404;205;199;355;156;199;395;173;222;383;191;192;389;171;218;390;185;205;402;163;239;369;176;193;391;188;203  
4;19. les Corts;429;205;224;475;224;251;450;221;229;453;216;237;431;204;227;448;213;235;419;214;205;422;185;237;467;193;274  
4;20. la Maternitat i Sant Ramon;189;92;97;193;88;105;178;94;84;197;102;95;179;89;90;191;94;97;194;94;100;209;116;93;211;96;115  
4;21. Pedralbes;93;43;50;111;51;60;74;32;42;101;50;51;88;44;44;105;52;53;96;48;48;107;44;63;91;52;39  
5;22. Vallvidrera, el Tibidabo i les Planes;48;28;20;49;20;29;50;24;26;49;16;33;47;16;31;58;23;35;40;23;17;51;15;36;49;19;30  
5;23. Sarrià;212;102;110;213;95;118;223;92;131;204;93;111;259;103;156;259;116;143;237;84;153;229;81;148;258;105;153  
5;24. les Tres Torres;113;49;64;114;61;53;111;53;58;116;56;60;101;51;50;117;53;64;116;60;56;125;60;65;133;58;75  
5;25. Sant Gervasi - la Bonanova;254;104;150;257;117;140;269;111;158;239;107;132;228;92;136;263;123;140;236;103;133;251;113;138;253;121;132  
5;26. Sant Gervasi - Galvany;466;183;283;419;172;247;438;201;237;460;214;246;431;193;238;498;215;283;435;180;255;433;203;230;466;217;249  
5;27. el Putxet i el Farró;237;107;130;237;99;138;236;115;121;235;95;140;236;115;121;258;107;151;250;108;142;242;116;126;242;103;139  
6;28. Vallcarca i els Penitents;147;51;96;133;68;65;149;64;85;144;62;82;144;69;75;140;62;78;158;71;87;153;64;89;140;61;79  
6;29. el Coll;68;43;25;60;28;32;56;27;29;60;35;25;53;30;23;56;31;25;51;24;27;45;25;20;59;30;29  
6;30. la Salut;150;76;74;131;49;82;108;53;55;128;53;75;105;48;57;128;64;64;137;71;66;131;54;77;148;61;87  
6;31. la Vila de Gràcia;580;232;348;538;221;317;580;259;321;500;213;287;508;225;283;515;210;305;495;208;287;488;212;276;541;227;314  
6;32. el Camp d'en Grassot i Gràcia Nova;351;171;180;324;166;158;317;158;159;300;141;159;286;120;166;343;145;198;340;164;176;345;161;184;341;156;185  
7;33. el Baix Guinardó;242;104;138;266;133;133;275;120;155;288;130;158;334;154;180;344;146;198;341;151;190;331;144;187;315;123;192  
7;34. Can Baró;91;51;40;86;46;40;84;39;45;76;31;45;75;40;35;96;37;59;77;32;45;90;44;46;80;38;42  
7;35. el Guinardó;359;186;173;323;149;174;340;165;175;329;182;147;347;150;197;337;175;162;327;158;169;332;161;171;362;173;189  
7;36. la Font d'en Fargues;108;51;57;65;31;34;99;45;54;94;40;54;85;39;46;114;48;66;87;40;47;94;39;55;98;40;58  
7;37. el Carmel;269;136;133;280;151;129;291;141;150;251;150;101;237;124;113;246;132;114;251;141;110;260;149;111;272;138;134  
7;38. la Teixonera;81;43;38;95;51;44;79;46;33;91;54;37;94;46;48;93;44;49;96;55;41;93;45;48;112;59;53  
7;39. Sant Genís dels Agudells;67;38;29;66;34;32;87;42;45;67;33;34;75;30;45;84;34;50;90;46;44;93;44;49;99;41;58  
7;40. Montbau;108;64;44;110;43;67;118;48;70;113;37;76;92;35;57;119;49;70;118;51;67;101;40;61;113;48;65  
7;41. la Vall d'Hebron;40;20;20;49;21;28;57;23;34;41;20;21;50;30;20;51;29;22;49;23;26;69;42;27;45;22;23  
7;42. la Clota;6;2;4;7;6;1;1;0;1;6;5;1;5;4;1;6;3;3;7;3;4;6;3;3;2;0;2  
7;43. Horta;310;153;157;270;124;146;313;158;155;288;139;149;288;147;141;292;124;168;296;128;168;259;114;145;300;138;162  
8;44. Vilapicina i la Torre Llobeta;245;137;108;247;123;124;243;112;131;232;125;107;266;135;131;270;135;135;281;136;145;270;133;137;238;121;117  
8;45. Porta;263;135;128;251;134;117;257;134;123;232;123;109;221;111;110;257;126;131;223;121;102;257;125;132;266;131;135  
8;46. el Turó de la Peira;177;101;76;193;119;74;172;93;79;187;89;98;182;94;88;196;91;105;158;86;72;165;95;70;191;94;97  
8;47. Can Peguera;25;14;11;38;19;19;34;20;14;35;18;17;25;17;8;24;11;13;29;13;16;28;16;12;34;12;22  
8;48. la Guineueta;184;100;84;164;92;72;163;93;70;141;74;67;169;83;86;174;97;77;173;87;86;159;83;76;183;92;91  
8;49. Canyelles;62;38;24;63;36;27;53;27;26;48;25;23;66;34;32;61;30;31;60;31;29;58;31;27;59;27;32  
8;50. les Roquetes;122;76;46;135;81;54;128;71;57;116;72;44;129;72;57;129;77;52;114;60;54;110;58;52;114;57;57  
8;51. Verdun;132;65;67;110;56;54;130;64;66;115;77;38;96;52;44;130;72;58;115;70;45;113;62;51;107;55;52  
8;52. la Prosperitat;230;138;92;214;121;93;231;119;112;211;123;88;228;115;113;228;124;104;221;124;97;220;118;102;242;130;112  
8;53. la Trinitat Nova;109;58;51;104;44;60;112;54;58;100;44;56;102;43;59;118;61;57;108;44;64;99;38;61;121;54;67  
8;54. Torre Baró;10;5;5;21;13;8;21;17;4;25;13;12;19;15;4;23;13;10;19;12;7;14;9;5;21;13;8  
8;55. Ciutat Meridiana;65;35;30;74;43;31;74;42;32;56;33;23;70;38;32;57;34;23;60;28;32;52;38;14;68;45;23  
8;56. Vallbona;23;8;15;14;7;7;27;10;17;15;6;9;26;12;14;32;13;19;29;10;19;48;16;32;35;10;25  
9;57. la Trinitat Vella;54;30;24;49;22;27;63;30;33;57;31;26;42;29;13;51;27;24;47;27;20;56;36;20;67;44;23  
9;58. Baró de Viver;28;17;11;25;12;13;38;19;19;21;8;13;19;9;10;15;7;8;26;15;11;28;16;12;25;16;9  
9;59. el Bon Pastor;92;42;50;103;58;45;108;56;52;85;42;43;101;63;38;108;60;48;113;64;49;125;72;53;105;49;56  
9;60. Sant Andreu;467;243;224;439;219;220;477;231;246;444;230;214;423;192;231;439;209;230;458;228;230;440;218;222;479;226;253  
9;61. la Sagrera;240;115;125;220;96;124;243;131;112;222;118;104;235;111;124;248;113;135;236;121;115;250;126;124;270;140;130  
9;62. el Congrés i els Indians;176;85;91;177;88;89;167;90;77;142;80;62;153;72;81;148;72;76;161;77;84;170;76;94;135;57;78  
9;63. Navas;188;100;88;177;91;86;196;91;105;185;95;90;190;92;98;203;100;103;163;72;91;186;99;87;209;97;112  
10;64. el Camp de l'Arpa del Clot;377;195;182;324;147;177;351;179;172;311;152;159;340;167;173;351;166;185;347;144;203;354;157;197;360;169;191  
10;65. el Clot;214;110;104;185;92;93;211;113;98;204;97;107;167;86;81;201;97;104;193;101;92;205;107;98;207;96;111  
10;66. el Parc i la Llacuna del Poblenou;99;47;52;115;48;67;106;57;49;112;61;51;102;50;52;96;41;55;121;56;65;154;82;72;110;62;48  
10;67. la Vila Olímpica del Poblenou;34;15;19;36;20;16;22;11;11;25;10;15;38;19;19;34;20;14;30;14;16;32;13;19;27;15;12  
10;68. el Poblenou;259;114;145;275;123;152;288;130;158;259;116;143;300;148;152;263;129;134;226;131;95;281;126;155;293;147;146  
10;69. Diagonal Mar i el Front Marítim del Poblenou;67;34;33;66;34;32;70;34;36;62;31;31;55;29;26;75;35;40;62;27;35;67;29;38;73;28;45  
10;70. el Besòs i el Maresme;188;105;83;197;105;92;211;115;96;198;103;95;179;100;79;219;111;108;206;109;97;208;107;101;195;116;79  
10;71. Provençals del Poblenou;161;87;74;144;73;71;147;75;72;139;79;60;112;60;52;169;84;85;145;79;66;136;68;68;184;93;91  
10;72. Sant Martí de Provençals;274;143;131;261;135;126;282;145;137;267;135;132;285;139;146;277;145;132;252;127;125;262;129;133;292;158;134  
10;73. la Verneda i la Pau;265;136;129;303;146;157;271;148;123;300;143;157;256;119;137;310;158;152;300;174;126;285;153;132;321;152;169  
